6000 2
i 0 0 56 49 
i 1 1 633 371 
i 2 0 500 970 
i 3 1 641 819 
i 4 0 479 232 
i 5 1 869 26 
i 6 1 453 806 
i 7 0 843 540 
i 8 0 272 390 
i 9 0 811 398 
i 10 1 659 36 
i 11 0 308 583 
i 12 0 418 394 
i 13 0 389 620 
i 14 1 554 414 
i 15 1 69 6 
i 16 0 253 415 
i 17 0 30 19 
i 18 1 522 259 
i 19 0 422 100 
i 20 0 561 810 
i 21 0 340 285 
i 22 0 931 256 
i 23 1 567 847 
i 24 0 859 137 
i 25 0 454 260 
i 26 1 209 294 
i 27 0 838 883 
i 28 1 38 278 
i 29 0 711 874 
i 30 1 687 724 
i 31 0 534 90 
i 32 1 770 564 
i 33 1 878 894 
i 34 0 948 253 
i 35 1 444 56 
i 36 0 210 314 
i 37 1 159 962 
i 38 1 696 142 
i 39 0 500 961 
i 40 1 977 557 
i 41 0 865 441 
i 42 0 635 402 
i 43 1 378 847 
i 44 1 137 76 
i 45 1 916 291 
i 46 0 700 842 
i 47 0 550 561 
i 48 0 683 480 
i 49 1 736 824 
i 50 0 147 833 
i 51 1 504 886 
i 52 1 64 133 
i 53 0 38 353 
i 54 0 415 356 
i 55 0 593 944 
i 56 0 140 38 
i 57 1 814 831 
i 58 0 658 779 
i 59 0 997 723 
i 60 1 190 273 
i 61 1 706 623 
i 62 0 352 391 
i 63 1 402 846 
i 64 1 976 481 
i 65 1 686 600 
i 66 0 530 421 
i 67 1 962 756 
i 68 1 829 218 
i 69 1 128 304 
i 70 0 690 847 
i 71 1 368 391 
i 72 1 229 633 
i 73 0 463 129 
i 74 0 924 381 
i 75 0 765 604 
i 76 0 220 522 
i 77 1 575 478 
i 78 0 901 75 
i 79 0 72 977 
i 80 0 74 122 
i 81 0 776 139 
i 82 1 486 602 
i 83 0 704 108 
i 84 1 385 6 
i 85 0 156 651 
i 86 0 893 707 
i 87 1 803 118 
i 88 0 886 277 
i 89 0 27 130 
i 90 0 358 860 
i 91 0 247 382 
i 92 1 843 667 
i 93 1 893 310 
i 94 0 370 978 
i 95 1 549 215 
i 96 0 934 498 
i 97 1 325 563 
i 98 0 683 290 
i 99 1 359 113 
i 100 0 162 14 
i 101 0 343 618 
i 102 0 850 844 
i 103 0 873 119 
i 104 1 212 406 
i 105 1 302 549 
i 106 0 82 934 
i 107 1 832 340 
i 108 0 839 53 
i 109 0 975 587 
i 110 0 895 748 
i 111 0 585 507 
i 112 0 892 667 
i 113 1 820 26 
i 114 0 472 233 
i 115 0 780 912 
i 116 0 842 34 
i 117 0 769 486 
i 118 0 593 849 
i 119 0 632 625 
i 120 1 556 737 
i 121 1 231 529 
i 122 0 51 637 
i 123 1 94 19 
i 124 0 146 198 
i 125 0 996 571 
i 126 1 737 751 
i 127 1 476 98 
i 128 0 452 520 
i 129 1 876 703 
i 130 1 994 889 
i 131 1 190 73 
i 132 1 885 572 
i 133 0 688 734 
i 134 1 939 772 
i 135 0 111 150 
i 136 0 993 665 
i 137 0 396 955 
i 138 0 177 947 
i 139 0 593 488 
i 140 0 538 10 
i 141 0 180 965 
i 142 1 329 769 
i 143 1 771 377 
i 144 0 254 606 
i 145 0 186 406 
i 146 1 931 870 
i 147 0 560 181 
i 148 0 657 534 
i 149 0 356 717 
i 150 1 19 196 
i 151 1 304 112 
i 152 1 510 224 
i 153 0 142 130 
i 154 0 990 963 
i 155 1 383 170 
i 156 1 404 398 
i 157 1 27 519 
i 158 1 416 108 
i 159 1 356 595 
i 160 1 714 278 
i 161 1 685 529 
i 162 0 269 723 
i 163 1 814 744 
i 164 0 561 364 
i 165 0 122 599 
i 166 0 223 223 
i 167 0 137 382 
i 168 1 615 739 
i 169 0 98 862 
i 170 0 959 604 
i 171 1 927 188 
i 172 1 702 675 
i 173 0 867 975 
i 174 0 764 646 
i 175 1 176 824 
i 176 0 386 246 
i 177 1 258 219 
i 178 0 322 627 
i 179 0 71 488 
i 180 1 347 734 
i 181 0 957 387 
i 182 1 126 779 
i 183 1 491 922 
i 184 0 773 742 
i 185 0 987 41 
i 186 1 914 451 
i 187 0 677 996 
i 188 1 454 553 
i 189 0 556 238 
i 190 1 830 547 
i 191 0 733 194 
i 192 1 332 974 
i 193 1 590 864 
i 194 0 43 553 
i 195 1 76 487 
i 196 0 542 850 
i 197 0 915 524 
i 198 1 288 943 
i 199 0 851 255 
i 200 1 809 596 
i 201 0 16 253 
i 202 1 338 745 
i 203 0 16 525 
i 204 1 618 126 
i 205 0 725 751 
i 206 0 853 687 
i 207 1 557 443 
i 208 0 9 572 
i 209 0 955 668 
i 210 1 103 553 
i 211 0 418 613 
i 212 1 413 598 
i 213 1 218 383 
i 214 0 177 768 
i 215 1 686 46 
i 216 0 553 106 
i 217 1 425 44 
i 218 0 652 915 
i 219 0 897 552 
i 220 0 405 313 
i 221 1 400 106 
i 222 1 235 635 
i 223 1 715 177 
i 224 1 265 238 
i 225 0 315 557 
i 226 1 907 647 
i 227 1 404 411 
i 228 0 396 822 
i 229 0 907 809 
i 230 1 253 942 
i 231 1 200 582 
i 232 1 385 121 
i 233 0 817 930 
i 234 0 517 23 
i 235 1 239 808 
i 236 1 287 575 
i 237 1 569 661 
i 238 0 240 866 
i 239 0 391 523 
i 240 1 854 842 
i 241 1 185 668 
i 242 0 495 839 
i 243 0 668 546 
i 244 0 956 554 
i 245 0 59 723 
i 246 0 958 805 
i 247 0 621 98 
i 248 0 342 617 
i 249 1 470 62 
i 250 0 619 29 
i 251 0 363 687 
i 252 0 203 345 
i 253 1 503 92 
i 254 1 362 299 
i 255 1 796 744 
i 256 1 911 325 
i 257 0 898 762 
i 258 0 895 211 
i 259 0 811 647 
i 260 1 694 200 
i 261 0 92 61 
i 262 0 406 995 
i 263 0 92 928 
i 264 0 984 808 
i 265 0 473 430 
i 266 0 337 960 
i 267 1 961 256 
i 268 0 970 952 
i 269 1 699 381 
i 270 1 284 682 
i 271 0 447 375 
i 272 0 346 473 
i 273 1 409 565 
i 274 1 610 823 
i 275 1 468 895 
i 276 0 822 7 
i 277 1 175 157 
i 278 1 325 437 
i 279 1 462 155 
i 280 0 765 713 
i 281 0 267 882 
i 282 1 136 273 
i 283 1 550 577 
i 284 0 145 864 
i 285 1 226 369 
i 286 1 548 327 
i 287 1 995 824 
i 288 0 611 534 
i 289 1 382 733 
i 290 1 954 637 
i 291 1 693 417 
i 292 1 103 19 
i 293 0 388 797 
i 294 1 782 697 
i 295 1 85 817 
i 296 0 355 563 
i 297 1 943 787 
i 298 1 359 913 
i 299 0 731 616 
i 300 0 461 948 
i 301 0 605 3 
i 302 1 996 949 
i 303 0 151 371 
i 304 0 816 100 
i 305 1 50 989 
i 306 0 167 79 
i 307 1 193 26 
i 308 1 594 994 
i 309 1 805 813 
i 310 1 437 355 
i 311 1 952 207 
i 312 1 331 670 
i 313 1 500 962 
i 314 0 705 39 
i 315 1 252 738 
i 316 0 807 618 
i 317 0 829 998 
i 318 1 526 401 
i 319 1 327 721 
i 320 0 583 906 
i 321 1 713 810 
i 322 1 574 387 
i 323 0 557 222 
i 324 1 993 162 
i 325 1 698 187 
i 326 1 109 317 
i 327 0 585 345 
i 328 1 98 875 
i 329 0 156 400 
i 330 1 605 972 
i 331 0 233 17 
i 332 1 724 641 
i 333 1 482 519 
i 334 1 767 453 
i 335 1 240 441 
i 336 0 36 34 
i 337 0 795 943 
i 338 1 897 778 
i 339 0 913 773 
i 340 1 450 882 
i 341 1 177 958 
i 342 0 113 647 
i 343 0 754 997 
i 344 1 427 67 
i 345 0 142 31 
i 346 1 114 418 
i 347 1 757 576 
i 348 0 340 698 
i 349 0 215 751 
i 350 1 244 373 
i 351 1 99 672 
i 352 0 527 205 
i 353 0 35 539 
i 354 0 112 315 
i 355 1 591 605 
i 356 1 380 959 
i 357 0 867 130 
i 358 1 617 308 
i 359 0 473 766 
i 360 0 747 510 
i 361 0 23 315 
i 362 1 724 146 
i 363 0 883 783 
i 364 0 433 993 
i 365 1 449 781 
i 366 1 57 454 
i 367 0 188 223 
i 368 1 894 183 
i 369 1 219 720 
i 370 1 361 312 
i 371 1 762 921 
i 372 0 677 206 
i 373 0 592 574 
i 374 1 991 283 
i 375 1 493 875 
i 376 0 442 187 
i 377 1 59 210 
i 378 0 819 239 
i 379 0 427 406 
i 380 0 78 107 
i 381 0 805 227 
i 382 0 137 850 
i 383 0 733 582 
i 384 0 341 130 
i 385 1 657 317 
i 386 1 901 319 
i 387 1 487 506 
i 388 1 110 717 
i 389 1 927 498 
i 390 0 271 595 
i 391 1 492 232 
i 392 1 910 790 
i 393 1 29 537 
i 394 0 139 738 
i 395 0 884 191 
i 396 1 686 125 
i 397 1 340 881 
i 398 0 196 427 
i 399 0 309 60 
i 400 1 271 653 
i 401 0 925 949 
i 402 0 404 668 
i 403 1 626 620 
i 404 1 617 814 
i 405 1 594 902 
i 406 1 9 323 
i 407 0 686 659 
i 408 1 198 572 
i 409 0 315 186 
i 410 1 490 731 
i 411 1 452 208 
i 412 0 896 780 
i 413 1 405 973 
i 414 1 424 946 
i 415 1 459 793 
i 416 1 611 942 
i 417 1 235 467 
i 418 0 156 172 
i 419 1 602 421 
i 420 1 837 953 
i 421 0 621 741 
i 422 1 461 892 
i 423 0 750 212 
i 424 0 348 163 
i 425 1 415 576 
i 426 1 811 474 
i 427 1 642 943 
i 428 0 697 754 
i 429 1 280 72 
i 430 0 384 952 
i 431 0 203 502 
i 432 1 952 729 
i 433 0 603 82 
i 434 1 924 473 
i 435 1 538 341 
i 436 1 586 991 
i 437 1 795 429 
i 438 0 980 840 
i 439 1 116 712 
i 440 1 820 401 
i 441 0 138 145 
i 442 0 543 158 
i 443 0 211 149 
i 444 1 386 591 
i 445 0 211 289 
i 446 0 215 826 
i 447 1 965 232 
i 448 1 503 249 
i 449 1 217 172 
i 450 1 988 785 
i 451 1 145 559 
i 452 1 169 593 
i 453 0 946 619 
i 454 0 516 86 
i 455 0 211 777 
i 456 1 985 751 
i 457 0 979 862 
i 458 1 557 583 
i 459 0 178 301 
i 460 1 637 98 
i 461 1 178 514 
i 462 0 979 367 
i 463 0 279 304 
i 464 1 550 38 
i 465 0 178 806 
i 466 0 931 139 
i 467 1 776 129 
i 468 0 405 672 
i 469 0 325 573 
i 470 0 210 702 
i 471 0 555 299 
i 472 1 789 205 
i 473 0 639 218 
i 474 0 844 701 
i 475 0 907 878 
i 476 1 467 636 
i 477 1 371 795 
i 478 1 835 780 
i 479 1 864 483 
i 480 1 387 924 
i 481 1 633 652 
i 482 1 797 417 
i 483 1 90 975 
i 484 1 77 624 
i 485 0 946 24 
i 486 1 678 942 
i 487 1 706 605 
i 488 0 943 164 
i 489 0 513 625 
i 490 1 943 871 
i 491 1 95 880 
i 492 1 621 611 
i 493 1 876 2 
i 494 1 516 422 
i 495 0 549 105 
i 496 1 405 186 
i 497 1 607 679 
i 498 1 863 491 
i 499 0 459 993 
i 500 1 10 332 
i 501 0 426 22 
i 502 0 9 752 
i 503 1 397 628 
i 504 1 403 832 
i 505 1 772 946 
i 506 0 560 616 
i 507 1 312 924 
i 508 1 959 173 
i 509 1 371 37 
i 510 0 818 35 
i 511 0 751 975 
i 512 1 842 171 
i 513 0 945 565 
i 514 0 294 429 
i 515 1 242 705 
i 516 1 702 313 
i 517 1 57 79 
i 518 0 97 224 
i 519 1 794 868 
i 520 0 216 998 
i 521 0 806 476 
i 522 1 902 365 
i 523 1 468 751 
i 524 0 672 369 
i 525 0 104 103 
i 526 1 509 743 
i 527 1 411 59 
i 528 0 578 271 
i 529 0 678 686 
i 530 0 936 449 
i 531 1 900 904 
i 532 0 432 587 
i 533 0 714 285 
i 534 0 240 747 
i 535 0 886 594 
i 536 0 526 298 
i 537 1 148 193 
i 538 1 382 955 
i 539 1 750 507 
i 540 1 316 720 
i 541 0 226 547 
i 542 0 432 136 
i 543 1 129 948 
i 544 0 192 260 
i 545 0 969 846 
i 546 0 16 608 
i 547 1 588 876 
i 548 0 314 8 
i 549 0 173 332 
i 550 0 349 920 
i 551 0 10 789 
i 552 1 456 560 
i 553 1 265 110 
i 554 0 793 148 
i 555 0 917 220 
i 556 0 625 82 
i 557 1 442 36 
i 558 0 262 809 
i 559 1 907 280 
i 560 1 561 613 
i 561 0 590 437 
i 562 0 342 116 
i 563 0 93 59 
i 564 0 312 392 
i 565 1 624 382 
i 566 0 676 156 
i 567 1 280 170 
i 568 1 365 470 
i 569 0 569 291 
i 570 1 719 674 
i 571 1 308 89 
i 572 1 589 773 
i 573 1 867 858 
i 574 1 411 866 
i 575 0 466 906 
i 576 1 384 450 
i 577 1 589 776 
i 578 1 821 883 
i 579 0 183 791 
i 580 1 325 912 
i 581 0 885 756 
i 582 1 361 488 
i 583 1 3 138 
i 584 0 213 118 
i 585 1 668 285 
i 586 0 757 118 
i 587 0 147 493 
i 588 0 677 829 
i 589 0 130 837 
i 590 1 762 742 
i 591 1 980 290 
i 592 1 747 393 
i 593 0 720 712 
i 594 1 512 86 
i 595 0 682 526 
i 596 1 54 978 
i 597 0 405 982 
i 598 0 829 809 
i 599 1 439 834 
i 600 1 334 519 
i 601 1 36 9 
i 602 0 21 454 
i 603 1 247 779 
i 604 1 224 392 
i 605 1 889 569 
i 606 0 96 768 
i 607 0 578 818 
i 608 0 348 485 
i 609 0 564 876 
i 610 0 892 953 
i 611 1 428 648 
i 612 0 873 179 
i 613 0 631 286 
i 614 1 125 237 
i 615 1 940 86 
i 616 0 346 329 
i 617 1 509 89 
i 618 1 217 283 
i 619 1 675 515 
i 620 0 864 518 
i 621 1 859 158 
i 622 1 682 593 
i 623 0 93 272 
i 624 0 289 111 
i 625 0 568 22 
i 626 0 559 504 
i 627 0 9 664 
i 628 1 25 965 
i 629 0 428 780 
i 630 0 791 951 
i 631 1 301 438 
i 632 1 475 446 
i 633 0 180 458 
i 634 1 621 801 
i 635 0 708 552 
i 636 0 42 416 
i 637 1 800 741 
i 638 1 314 528 
i 639 1 257 457 
i 640 1 85 800 
i 641 0 252 673 
i 642 1 602 703 
i 643 1 694 305 
i 644 0 678 727 
i 645 1 538 293 
i 646 0 156 273 
i 647 0 165 847 
i 648 0 624 596 
i 649 1 386 453 
i 650 1 237 683 
i 651 0 406 670 
i 652 1 597 839 
i 653 0 146 698 
i 654 0 463 775 
i 655 0 893 91 
i 656 0 119 20 
i 657 1 897 808 
i 658 1 535 523 
i 659 1 323 807 
i 660 1 587 406 
i 661 1 20 446 
i 662 0 47 267 
i 663 1 371 707 
i 664 1 311 202 
i 665 0 943 646 
i 666 0 195 326 
i 667 0 473 960 
i 668 1 619 12 
i 669 1 748 610 
i 670 0 341 296 
i 671 0 848 271 
i 672 1 919 270 
i 673 1 937 475 
i 674 1 875 730 
i 675 0 626 127 
i 676 1 696 620 
i 677 1 47 972 
i 678 0 651 38 
i 679 0 635 731 
i 680 0 686 660 
i 681 0 865 147 
i 682 0 685 248 
i 683 1 812 207 
i 684 1 312 156 
i 685 0 561 14 
i 686 1 772 744 
i 687 1 838 689 
i 688 0 886 131 
i 689 0 95 975 
i 690 0 181 86 
i 691 0 475 252 
i 692 0 663 161 
i 693 0 499 885 
i 694 1 298 545 
i 695 0 412 345 
i 696 1 94 944 
i 697 0 82 266 
i 698 0 498 274 
i 699 1 433 813 
i 700 0 148 587 
i 701 0 679 269 
i 702 1 185 586 
i 703 1 138 812 
i 704 1 637 592 
i 705 0 420 272 
i 706 0 30 915 
i 707 1 584 182 
i 708 1 322 498 
i 709 1 446 69 
i 710 1 432 868 
i 711 0 940 531 
i 712 0 708 174 
i 713 1 882 717 
i 714 0 814 785 
i 715 0 180 360 
i 716 1 110 960 
i 717 1 492 703 
i 718 0 204 36 
i 719 0 751 973 
i 720 1 139 126 
i 721 1 882 65 
i 722 1 253 190 
i 723 0 250 772 
i 724 1 927 705 
i 725 0 62 759 
i 726 0 858 618 
i 727 1 394 106 
i 728 1 782 387 
i 729 1 578 443 
i 730 1 754 661 
i 731 0 463 381 
i 732 1 551 45 
i 733 1 873 221 
i 734 0 609 763 
i 735 0 585 386 
i 736 0 847 188 
i 737 0 346 381 
i 738 0 467 296 
i 739 1 522 912 
i 740 0 777 198 
i 741 0 518 864 
i 742 0 254 329 
i 743 1 509 538 
i 744 0 963 806 
i 745 1 266 810 
i 746 1 852 160 
i 747 1 893 230 
i 748 1 858 398 
i 749 1 190 866 
i 750 1 643 346 
i 751 1 160 710 
i 752 1 823 566 
i 753 0 325 306 
i 754 1 363 287 
i 755 1 333 8 
i 756 1 476 69 
i 757 1 253 606 
i 758 1 939 623 
i 759 1 470 163 
i 760 0 383 777 
i 761 1 221 736 
i 762 0 29 834 
i 763 1 173 987 
i 764 0 722 156 
i 765 0 747 849 
i 766 1 311 774 
i 767 0 582 419 
i 768 1 437 555 
i 769 0 955 525 
i 770 0 141 85 
i 771 1 552 93 
i 772 1 276 431 
i 773 0 760 463 
i 774 0 364 258 
i 775 0 945 693 
i 776 0 86 36 
i 777 0 857 976 
i 778 0 756 693 
i 779 1 415 769 
i 780 1 3 48 
i 781 0 874 929 
i 782 1 641 580 
i 783 1 539 270 
i 784 0 477 589 
i 785 0 88 855 
i 786 0 468 701 
i 787 1 283 378 
i 788 1 627 689 
i 789 1 630 161 
i 790 0 230 711 
i 791 0 890 929 
i 792 1 555 114 
i 793 0 210 814 
i 794 0 424 329 
i 795 1 775 94 
i 796 1 420 318 
i 797 1 637 602 
i 798 0 330 283 
i 799 1 775 647 
i 800 1 158 520 
i 801 0 177 576 
i 802 1 145 283 
i 803 0 440 864 
i 804 1 541 774 
i 805 1 177 530 
i 806 1 947 770 
i 807 1 417 745 
i 808 0 249 454 
i 809 0 520 45 
i 810 0 734 117 
i 811 1 867 166 
i 812 1 983 908 
i 813 0 486 831 
i 814 0 562 934 
i 815 0 520 569 
i 816 1 995 16 
i 817 0 419 818 
i 818 0 968 488 
i 819 0 222 749 
i 820 1 912 307 
i 821 1 618 388 
i 822 1 435 285 
i 823 0 891 993 
i 824 1 36 594 
i 825 0 943 884 
i 826 1 642 54 
i 827 1 561 920 
i 828 1 865 438 
i 829 0 616 475 
i 830 0 162 352 
i 831 1 109 563 
i 832 1 749 133 
i 833 1 536 671 
i 834 0 148 330 
i 835 1 205 932 
i 836 0 739 451 
i 837 1 146 190 
i 838 0 517 915 
i 839 1 192 863 
i 840 1 854 21 
i 841 1 836 100 
i 842 1 506 127 
i 843 0 186 996 
i 844 0 712 494 
i 845 0 502 349 
i 846 1 224 303 
i 847 1 624 375 
i 848 0 685 867 
i 849 1 412 986 
i 850 0 75 131 
i 851 0 755 145 
i 852 0 458 423 
i 853 0 589 962 
i 854 1 269 2 
i 855 1 487 985 
i 856 0 107 454 
i 857 0 666 802 
i 858 1 312 691 
i 859 0 875 817 
i 860 0 528 872 
i 861 0 37 497 
i 862 1 33 66 
i 863 0 96 187 
i 864 1 469 847 
i 865 1 497 946 
i 866 1 47 113 
i 867 0 219 215 
i 868 1 685 238 
i 869 1 211 19 
i 870 1 48 899 
i 871 1 868 602 
i 872 0 235 442 
i 873 1 668 96 
i 874 1 716 994 
i 875 1 198 854 
i 876 0 482 466 
i 877 0 404 12 
i 878 1 344 56 
i 879 1 306 374 
i 880 0 580 477 
i 881 0 870 501 
i 882 0 988 293 
i 883 1 59 62 
i 884 0 765 203 
i 885 0 470 407 
i 886 0 886 339 
i 887 0 95 53 
i 888 0 646 444 
i 889 0 158 678 
i 890 1 375 137 
i 891 0 904 372 
i 892 0 342 43 
i 893 0 328 527 
i 894 0 318 241 
i 895 1 329 957 
i 896 0 758 727 
i 897 0 457 215 
i 898 1 761 311 
i 899 1 377 188 
i 900 1 927 848 
i 901 0 81 469 
i 902 1 759 148 
i 903 1 647 811 
i 904 0 336 325 
i 905 1 73 164 
i 906 0 177 586 
i 907 1 870 271 
i 908 0 968 490 
i 909 1 239 332 
i 910 1 400 471 
i 911 0 859 326 
i 912 0 670 444 
i 913 1 475 690 
i 914 1 489 309 
i 915 1 196 990 
i 916 1 479 736 
i 917 1 750 813 
i 918 0 686 185 
i 919 1 195 977 
i 920 1 201 659 
i 921 1 534 80 
i 922 0 558 976 
i 923 0 114 845 
i 924 1 984 406 
i 925 0 492 30 
i 926 1 843 552 
i 927 1 666 726 
i 928 0 742 972 
i 929 1 605 709 
i 930 0 263 528 
i 931 1 907 455 
i 932 0 961 877 
i 933 1 665 951 
i 934 1 465 759 
i 935 1 6 216 
i 936 0 868 748 
i 937 1 11 952 
i 938 0 818 328 
i 939 0 897 350 
i 940 1 414 856 
i 941 1 10 11 
i 942 1 267 494 
i 943 1 210 952 
i 944 1 336 928 
i 945 0 340 456 
i 946 0 665 643 
i 947 1 754 290 
i 948 0 762 308 
i 949 0 675 279 
i 950 0 259 397 
i 951 1 10 530 
i 952 1 631 808 
i 953 1 272 159 
i 954 1 856 478 
i 955 1 982 836 
i 956 0 66 131 
i 957 1 467 230 
i 958 1 621 607 
i 959 1 661 601 
i 960 0 6 295 
i 961 1 340 193 
i 962 0 695 638 
i 963 0 950 515 
i 964 1 82 386 
i 965 1 769 326 
i 966 0 760 182 
i 967 0 418 857 
i 968 0 66 604 
i 969 0 117 140 
i 970 0 465 701 
i 971 1 807 581 
i 972 1 512 564 
i 973 0 154 75 
i 974 0 2 429 
i 975 0 921 99 
i 976 0 586 654 
i 977 0 163 533 
i 978 1 836 898 
i 979 0 710 693 
i 980 1 977 501 
i 981 0 725 662 
i 982 1 474 569 
i 983 1 198 882 
i 984 1 142 619 
i 985 1 631 127 
i 986 0 340 310 
i 987 0 396 685 
i 988 0 719 180 
i 989 0 395 212 
i 990 0 902 532 
i 991 0 69 890 
i 992 1 270 421 
i 993 1 732 249 
i 994 1 784 703 
i 995 0 308 680 
i 996 0 193 399 
i 997 1 158 479 
i 998 0 383 655 
i 999 0 145 720 
i 1000 1 560 738 
i 1001 1 276 643 
i 1002 1 670 270 
i 1003 0 520 604 
i 1004 0 108 515 
i 1005 0 835 357 
i 1006 0 521 415 
i 1007 0 825 340 
i 1008 1 560 848 
i 1009 1 969 267 
i 1010 1 836 823 
i 1011 0 377 715 
i 1012 1 528 313 
i 1013 1 158 148 
i 1014 0 27 980 
i 1015 0 115 571 
i 1016 0 355 713 
i 1017 1 885 676 
i 1018 1 515 182 
i 1019 1 589 270 
i 1020 0 2 516 
i 1021 0 875 659 
i 1022 1 272 114 
i 1023 0 653 70 
i 1024 1 884 163 
i 1025 0 110 126 
i 1026 1 860 962 
i 1027 0 75 689 
i 1028 0 902 533 
i 1029 0 637 466 
i 1030 0 238 228 
i 1031 0 661 140 
i 1032 0 766 801 
i 1033 0 261 493 
i 1034 0 778 145 
i 1035 0 830 268 
i 1036 1 894 548 
i 1037 0 779 148 
i 1038 1 232 482 
i 1039 1 913 511 
i 1040 1 639 748 
i 1041 0 307 464 
i 1042 1 576 113 
i 1043 1 980 558 
i 1044 0 951 284 
i 1045 1 862 499 
i 1046 0 747 440 
i 1047 1 468 981 
i 1048 0 463 125 
i 1049 0 843 762 
i 1050 0 741 235 
i 1051 1 906 270 
i 1052 1 780 847 
i 1053 0 447 832 
i 1054 1 361 555 
i 1055 0 710 580 
i 1056 0 228 609 
i 1057 0 9 732 
i 1058 0 233 727 
i 1059 1 239 795 
i 1060 0 737 324 
i 1061 1 179 241 
i 1062 1 929 267 
i 1063 0 32 2 
i 1064 1 423 146 
i 1065 1 273 525 
i 1066 1 585 988 
i 1067 0 357 565 
i 1068 0 843 74 
i 1069 0 545 790 
i 1070 0 588 454 
i 1071 1 312 725 
i 1072 0 985 140 
i 1073 1 655 561 
i 1074 1 726 214 
i 1075 0 40 983 
i 1076 1 947 810 
i 1077 0 257 196 
i 1078 0 234 755 
i 1079 1 47 681 
i 1080 0 433 614 
i 1081 0 524 310 
i 1082 1 940 243 
i 1083 0 961 272 
i 1084 1 914 687 
i 1085 0 144 860 
i 1086 0 103 215 
i 1087 1 974 710 
i 1088 0 432 158 
i 1089 0 395 141 
i 1090 1 236 852 
i 1091 1 173 448 
i 1092 0 172 147 
i 1093 0 665 850 
i 1094 1 357 154 
i 1095 0 763 390 
i 1096 1 176 913 
i 1097 0 319 780 
i 1098 1 88 846 
i 1099 1 957 436 
i 1100 0 845 220 
i 1101 0 507 446 
i 1102 1 141 942 
i 1103 0 551 181 
i 1104 1 185 933 
i 1105 1 546 545 
i 1106 0 407 351 
i 1107 0 500 840 
i 1108 0 572 675 
i 1109 1 450 852 
i 1110 1 363 429 
i 1111 1 82 672 
i 1112 1 201 380 
i 1113 1 556 956 
i 1114 1 544 596 
i 1115 0 659 474 
i 1116 0 396 672 
i 1117 1 596 25 
i 1118 0 480 297 
i 1119 1 592 641 
i 1120 1 572 516 
i 1121 0 749 781 
i 1122 0 980 80 
i 1123 1 326 989 
i 1124 0 673 779 
i 1125 1 690 685 
i 1126 1 917 188 
i 1127 1 646 669 
i 1128 0 722 766 
i 1129 1 909 555 
i 1130 1 111 398 
i 1131 0 961 186 
i 1132 1 30 508 
i 1133 0 682 609 
i 1134 1 719 143 
i 1135 0 465 93 
i 1136 1 889 983 
i 1137 0 123 906 
i 1138 0 233 202 
i 1139 0 299 552 
i 1140 0 638 980 
i 1141 0 282 679 
i 1142 0 685 562 
i 1143 1 163 31 
i 1144 0 664 240 
i 1145 0 349 284 
i 1146 1 495 932 
i 1147 1 765 956 
i 1148 0 897 989 
i 1149 1 513 637 
i 1150 1 978 472 
i 1151 0 393 52 
i 1152 1 471 356 
i 1153 0 235 755 
i 1154 0 809 626 
i 1155 0 506 114 
i 1156 1 233 539 
i 1157 1 170 794 
i 1158 1 976 748 
i 1159 0 234 13 
i 1160 1 526 737 
i 1161 1 996 335 
i 1162 1 276 720 
i 1163 0 348 248 
i 1164 0 643 287 
i 1165 0 812 636 
i 1166 1 769 906 
i 1167 0 826 731 
i 1168 1 467 506 
i 1169 0 373 481 
i 1170 0 437 418 
i 1171 1 590 311 
i 1172 0 841 220 
i 1173 1 272 246 
i 1174 0 800 93 
i 1175 0 765 305 
i 1176 0 800 442 
i 1177 1 632 326 
i 1178 1 849 126 
i 1179 1 594 888 
i 1180 1 306 940 
i 1181 1 287 798 
i 1182 1 491 210 
i 1183 0 458 204 
i 1184 0 582 849 
i 1185 1 55 945 
i 1186 0 308 12 
i 1187 1 817 565 
i 1188 0 728 930 
i 1189 1 588 989 
i 1190 0 417 855 
i 1191 1 832 237 
i 1192 1 368 301 
i 1193 0 72 813 
i 1194 0 294 818 
i 1195 1 75 847 
i 1196 1 362 969 
i 1197 0 512 514 
i 1198 1 657 677 
i 1199 1 162 959 
i 1200 1 576 94 
i 1201 0 537 721 
i 1202 1 990 39 
i 1203 0 684 94 
i 1204 0 11 626 
i 1205 0 602 30 
i 1206 1 572 864 
i 1207 1 405 548 
i 1208 0 375 858 
i 1209 0 96 881 
i 1210 1 955 640 
i 1211 1 11 477 
i 1212 1 22 786 
i 1213 1 20 234 
i 1214 1 174 895 
i 1215 0 243 903 
i 1216 0 211 30 
i 1217 1 416 896 
i 1218 0 142 290 
i 1219 1 702 601 
i 1220 0 179 560 
i 1221 1 487 673 
i 1222 1 318 108 
i 1223 1 296 741 
i 1224 1 989 148 
i 1225 0 909 129 
i 1226 0 445 494 
i 1227 0 372 579 
i 1228 0 758 471 
i 1229 1 678 949 
i 1230 0 696 41 
i 1231 0 580 656 
i 1232 1 99 388 
i 1233 1 509 641 
i 1234 1 989 697 
i 1235 0 9 48 
i 1236 0 94 651 
i 1237 0 551 850 
i 1238 1 757 473 
i 1239 1 942 50 
i 1240 0 486 362 
i 1241 0 181 859 
i 1242 1 350 223 
i 1243 0 442 557 
i 1244 1 510 167 
i 1245 0 168 983 
i 1246 1 265 658 
i 1247 1 793 250 
i 1248 1 427 564 
i 1249 0 263 315 
i 1250 1 147 69 
i 1251 0 335 181 
i 1252 1 321 993 
i 1253 0 107 82 
i 1254 1 803 287 
i 1255 0 707 740 
i 1256 1 11 350 
i 1257 0 383 148 
i 1258 0 780 756 
i 1259 1 357 998 
i 1260 1 226 870 
i 1261 1 705 506 
i 1262 0 259 100 
i 1263 1 110 263 
i 1264 1 977 688 
i 1265 1 891 834 
i 1266 1 249 11 
i 1267 1 555 47 
i 1268 1 648 804 
i 1269 1 523 627 
i 1270 1 882 747 
i 1271 0 182 483 
i 1272 1 980 828 
i 1273 1 215 740 
i 1274 0 59 427 
i 1275 0 968 799 
i 1276 0 548 831 
i 1277 0 877 148 
i 1278 1 786 750 
i 1279 0 417 205 
i 1280 0 776 693 
i 1281 1 168 282 
i 1282 1 411 926 
i 1283 1 719 610 
i 1284 0 552 264 
i 1285 0 479 598 
i 1286 1 84 795 
i 1287 0 826 390 
i 1288 1 296 824 
i 1289 1 573 520 
i 1290 1 732 873 
i 1291 1 500 820 
i 1292 1 384 324 
i 1293 1 586 624 
i 1294 1 856 258 
i 1295 1 981 254 
i 1296 0 967 286 
i 1297 1 158 137 
i 1298 1 762 876 
i 1299 1 930 872 
i 1300 0 214 190 
i 1301 1 890 391 
i 1302 0 170 24 
i 1303 0 311 244 
i 1304 1 120 822 
i 1305 1 713 446 
i 1306 0 402 794 
i 1307 1 843 596 
i 1308 1 718 636 
i 1309 1 386 491 
i 1310 1 511 511 
i 1311 1 647 162 
i 1312 1 382 170 
i 1313 1 788 469 
i 1314 0 661 425 
i 1315 1 916 674 
i 1316 1 503 321 
i 1317 1 655 725 
i 1318 0 252 350 
i 1319 0 685 9 
i 1320 1 391 449 
i 1321 1 904 333 
i 1322 0 125 256 
i 1323 0 218 23 
i 1324 0 327 144 
i 1325 1 238 790 
i 1326 1 844 702 
i 1327 0 793 573 
i 1328 1 718 489 
i 1329 1 440 129 
i 1330 1 186 510 
i 1331 1 283 337 
i 1332 1 71 688 
i 1333 0 69 488 
i 1334 1 280 292 
i 1335 1 545 571 
i 1336 1 87 542 
i 1337 1 698 220 
i 1338 0 127 62 
i 1339 1 367 828 
i 1340 1 594 275 
i 1341 0 609 412 
i 1342 0 56 853 
i 1343 1 933 552 
i 1344 0 899 854 
i 1345 0 294 924 
i 1346 1 158 190 
i 1347 1 244 421 
i 1348 0 115 124 
i 1349 0 747 20 
i 1350 0 895 368 
i 1351 1 683 919 
i 1352 1 320 453 
i 1353 1 784 561 
i 1354 1 588 100 
i 1355 1 11 652 
i 1356 0 493 488 
i 1357 1 93 668 
i 1358 0 171 187 
i 1359 0 387 836 
i 1360 0 5 34 
i 1361 1 556 252 
i 1362 1 868 812 
i 1363 1 506 671 
i 1364 0 975 311 
i 1365 1 104 659 
i 1366 0 583 221 
i 1367 1 77 43 
i 1368 0 963 509 
i 1369 1 582 855 
i 1370 1 208 89 
i 1371 0 880 834 
i 1372 1 533 118 
i 1373 1 545 993 
i 1374 0 76 388 
i 1375 1 754 887 
i 1376 1 707 160 
i 1377 1 561 581 
i 1378 1 128 191 
i 1379 0 786 931 
i 1380 0 635 681 
i 1381 1 490 465 
i 1382 0 383 452 
i 1383 1 912 644 
i 1384 0 418 592 
i 1385 0 779 913 
i 1386 1 400 985 
i 1387 1 245 62 
i 1388 0 307 752 
i 1389 0 681 329 
i 1390 0 269 962 
i 1391 0 468 428 
i 1392 1 494 784 
i 1393 1 282 38 
i 1394 1 763 728 
i 1395 1 375 234 
i 1396 1 967 693 
i 1397 0 68 130 
i 1398 1 143 844 
i 1399 0 788 693 
i 1400 0 265 671 
i 1401 0 134 457 
i 1402 0 558 595 
i 1403 1 718 2 
i 1404 1 800 173 
i 1405 1 813 285 
i 1406 1 10 109 
i 1407 1 407 566 
i 1408 0 623 544 
i 1409 1 196 337 
i 1410 1 427 181 
i 1411 0 353 115 
i 1412 0 337 749 
i 1413 0 547 487 
i 1414 1 204 287 
i 1415 1 318 532 
i 1416 1 637 670 
i 1417 1 900 173 
i 1418 0 958 30 
i 1419 1 543 584 
i 1420 1 265 687 
i 1421 0 228 367 
i 1422 1 390 439 
i 1423 0 971 271 
i 1424 1 707 479 
i 1425 1 359 702 
i 1426 1 826 404 
i 1427 0 715 403 
i 1428 1 401 465 
i 1429 0 325 453 
i 1430 0 260 758 
i 1431 0 167 624 
i 1432 1 149 0 
i 1433 0 728 302 
i 1434 0 19 665 
i 1435 0 568 19 
i 1436 1 709 7 
i 1437 1 509 975 
i 1438 1 41 294 
i 1439 0 278 792 
i 1440 0 438 50 
i 1441 1 648 313 
i 1442 1 78 232 
i 1443 0 92 266 
i 1444 1 535 28 
i 1445 1 922 749 
i 1446 1 650 22 
i 1447 0 80 763 
i 1448 0 203 236 
i 1449 0 101 156 
i 1450 1 201 767 
i 1451 0 276 608 
i 1452 1 892 940 
i 1453 1 760 114 
i 1454 1 804 994 
i 1455 0 256 533 
i 1456 1 910 326 
i 1457 1 236 140 
i 1458 1 263 437 
i 1459 0 505 70 
i 1460 0 603 109 
i 1461 1 806 738 
i 1462 1 528 145 
i 1463 0 57 641 
i 1464 1 354 664 
i 1465 1 601 700 
i 1466 0 166 472 
i 1467 0 917 17 
i 1468 1 500 166 
i 1469 1 314 79 
i 1470 0 662 162 
i 1471 1 457 649 
i 1472 1 187 82 
i 1473 1 998 840 
i 1474 0 807 301 
i 1475 1 29 674 
i 1476 1 29 426 
i 1477 1 757 407 
i 1478 0 267 817 
i 1479 1 66 8 
i 1480 1 260 624 
i 1481 1 501 344 
i 1482 1 243 350 
i 1483 1 461 841 
i 1484 0 4 141 
i 1485 1 229 201 
i 1486 1 623 602 
i 1487 1 568 445 
i 1488 1 196 321 
i 1489 1 398 802 
i 1490 0 615 483 
i 1491 0 236 143 
i 1492 1 695 599 
i 1493 1 138 408 
i 1494 0 659 910 
i 1495 1 84 608 
i 1496 1 685 721 
i 1497 1 444 999 
i 1498 0 177 219 
i 1499 1 996 616 
i 1500 1 935 826 
i 1501 0 931 4 
i 1502 0 797 862 
i 1503 1 546 803 
i 1504 0 117 277 
i 1505 0 446 942 
i 1506 1 897 5 
i 1507 0 321 803 
i 1508 1 982 305 
i 1509 1 617 933 
i 1510 0 311 213 
i 1511 1 19 466 
i 1512 0 418 971 
i 1513 0 733 799 
i 1514 0 477 905 
i 1515 0 89 478 
i 1516 1 600 645 
i 1517 0 62 10 
i 1518 0 92 35 
i 1519 0 783 748 
i 1520 0 288 387 
i 1521 0 794 660 
i 1522 1 943 882 
i 1523 1 930 1 
i 1524 0 541 399 
i 1525 0 535 668 
i 1526 0 880 582 
i 1527 0 736 872 
i 1528 0 753 970 
i 1529 0 631 477 
i 1530 0 442 630 
i 1531 0 646 366 
i 1532 0 253 108 
i 1533 1 758 797 
i 1534 1 465 514 
i 1535 0 24 273 
i 1536 1 985 246 
i 1537 1 330 947 
i 1538 0 420 734 
i 1539 0 877 312 
i 1540 0 254 470 
i 1541 1 123 766 
i 1542 1 71 425 
i 1543 0 785 927 
i 1544 0 54 495 
i 1545 0 942 400 
i 1546 1 327 576 
i 1547 0 831 348 
i 1548 0 661 397 
i 1549 1 742 678 
i 1550 1 264 452 
i 1551 0 655 804 
i 1552 0 495 130 
i 1553 1 942 46 
i 1554 0 451 506 
i 1555 0 608 134 
i 1556 0 323 698 
i 1557 1 234 961 
i 1558 1 52 166 
i 1559 0 787 718 
i 1560 0 942 686 
i 1561 1 43 634 
i 1562 0 249 772 
i 1563 1 39 304 
i 1564 1 234 454 
i 1565 1 777 142 
i 1566 1 554 500 
i 1567 1 298 361 
i 1568 1 347 129 
i 1569 0 808 242 
i 1570 1 533 997 
i 1571 0 713 586 
i 1572 0 528 386 
i 1573 1 636 436 
i 1574 1 962 428 
i 1575 1 30 679 
i 1576 0 958 317 
i 1577 1 579 785 
i 1578 0 228 54 
i 1579 0 245 452 
i 1580 0 562 695 
i 1581 0 796 803 
i 1582 0 630 819 
i 1583 0 694 176 
i 1584 1 670 454 
i 1585 0 60 332 
i 1586 1 550 46 
i 1587 1 135 65 
i 1588 1 353 493 
i 1589 1 419 877 
i 1590 0 383 771 
i 1591 1 444 559 
i 1592 0 951 187 
i 1593 1 848 298 
i 1594 0 217 247 
i 1595 0 543 760 
i 1596 0 972 956 
i 1597 1 512 560 
i 1598 1 52 898 
i 1599 0 511 536 
i 1600 0 277 640 
i 1601 0 230 55 
i 1602 1 337 812 
i 1603 1 25 369 
i 1604 1 359 845 
i 1605 0 826 597 
i 1606 1 261 729 
i 1607 1 9 624 
i 1608 1 850 447 
i 1609 1 205 713 
i 1610 0 795 166 
i 1611 0 786 29 
i 1612 0 494 26 
i 1613 1 782 605 
i 1614 1 451 242 
i 1615 0 867 793 
i 1616 1 799 931 
i 1617 1 89 251 
i 1618 1 531 190 
i 1619 0 862 521 
i 1620 0 695 100 
i 1621 0 660 574 
i 1622 1 795 614 
i 1623 0 681 73 
i 1624 0 694 458 
i 1625 0 609 57 
i 1626 0 24 211 
i 1627 0 566 463 
i 1628 0 899 210 
i 1629 0 717 612 
i 1630 0 465 807 
i 1631 1 540 462 
i 1632 0 417 566 
i 1633 0 889 178 
i 1634 0 899 905 
i 1635 0 252 879 
i 1636 1 675 167 
i 1637 1 942 796 
i 1638 1 587 773 
i 1639 1 272 357 
i 1640 1 654 328 
i 1641 1 718 206 
i 1642 1 577 808 
i 1643 0 705 181 
i 1644 0 370 544 
i 1645 0 145 525 
i 1646 0 451 681 
i 1647 1 157 989 
i 1648 0 545 313 
i 1649 0 324 998 
i 1650 0 500 438 
i 1651 0 635 764 
i 1652 1 217 74 
i 1653 0 49 282 
i 1654 1 152 946 
i 1655 1 939 654 
i 1656 0 154 576 
i 1657 1 763 154 
i 1658 1 503 813 
i 1659 1 576 471 
i 1660 0 546 38 
i 1661 0 505 650 
i 1662 0 849 385 
i 1663 0 493 518 
i 1664 1 432 598 
i 1665 1 717 946 
i 1666 0 875 151 
i 1667 1 259 714 
i 1668 1 367 194 
i 1669 0 100 47 
i 1670 1 70 231 
i 1671 0 330 88 
i 1672 1 953 132 
i 1673 1 684 419 
i 1674 0 436 633 
i 1675 1 655 363 
i 1676 0 17 316 
i 1677 1 91 241 
i 1678 1 293 882 
i 1679 1 806 718 
i 1680 0 606 796 
i 1681 0 74 447 
i 1682 0 271 144 
i 1683 1 609 787 
i 1684 1 304 350 
i 1685 0 585 748 
i 1686 1 844 632 
i 1687 0 708 640 
i 1688 0 604 766 
i 1689 1 699 517 
i 1690 1 761 425 
i 1691 1 83 645 
i 1692 0 811 862 
i 1693 0 14 808 
i 1694 1 507 124 
i 1695 0 279 886 
i 1696 1 882 111 
i 1697 0 779 545 
i 1698 1 685 945 
i 1699 1 185 983 
i 1700 1 297 195 
i 1701 1 18 365 
i 1702 1 935 252 
i 1703 0 410 545 
i 1704 0 614 782 
i 1705 1 243 500 
i 1706 0 567 679 
i 1707 0 276 50 
i 1708 0 827 501 
i 1709 1 78 888 
i 1710 1 176 748 
i 1711 1 212 115 
i 1712 0 3 546 
i 1713 0 311 365 
i 1714 1 969 712 
i 1715 0 57 232 
i 1716 0 35 924 
i 1717 0 96 729 
i 1718 1 271 462 
i 1719 0 618 817 
i 1720 1 537 528 
i 1721 0 143 608 
i 1722 1 959 570 
i 1723 1 133 542 
i 1724 1 238 109 
i 1725 0 898 531 
i 1726 0 702 32 
i 1727 0 319 83 
i 1728 1 470 757 
i 1729 1 571 592 
i 1730 1 135 145 
i 1731 0 345 597 
i 1732 0 492 706 
i 1733 1 648 585 
i 1734 0 554 872 
i 1735 1 724 970 
i 1736 0 526 786 
i 1737 1 760 839 
i 1738 0 814 462 
i 1739 1 514 507 
i 1740 1 97 577 
i 1741 1 603 644 
i 1742 1 350 143 
i 1743 0 657 539 
i 1744 0 442 921 
i 1745 1 474 337 
i 1746 0 280 629 
i 1747 1 777 367 
i 1748 1 536 737 
i 1749 1 625 216 
i 1750 0 292 2 
i 1751 0 141 168 
i 1752 1 858 225 
i 1753 0 764 996 
i 1754 0 720 12 
i 1755 1 708 630 
i 1756 0 945 483 
i 1757 0 875 558 
i 1758 0 601 899 
i 1759 0 202 596 
i 1760 0 945 565 
i 1761 1 478 115 
i 1762 0 862 61 
i 1763 1 386 797 
i 1764 0 245 291 
i 1765 1 888 628 
i 1766 0 427 330 
i 1767 0 480 892 
i 1768 0 524 669 
i 1769 0 999 539 
i 1770 0 818 271 
i 1771 0 925 594 
i 1772 0 834 762 
i 1773 0 201 655 
i 1774 1 202 64 
i 1775 0 677 332 
i 1776 0 365 240 
i 1777 1 213 804 
i 1778 0 590 913 
i 1779 1 385 810 
i 1780 0 63 433 
i 1781 0 124 638 
i 1782 1 895 580 
i 1783 1 963 958 
i 1784 1 690 572 
i 1785 1 889 672 
i 1786 1 700 30 
i 1787 1 763 838 
i 1788 0 945 748 
i 1789 1 113 627 
i 1790 0 112 391 
i 1791 0 321 928 
i 1792 0 659 128 
i 1793 0 810 156 
i 1794 1 559 333 
i 1795 1 159 715 
i 1796 0 396 431 
i 1797 1 121 231 
i 1798 1 206 410 
i 1799 0 835 451 
i 1800 0 950 984 
i 1801 1 837 568 
i 1802 0 165 786 
i 1803 1 777 537 
i 1804 0 652 771 
i 1805 1 644 127 
i 1806 1 249 50 
i 1807 1 689 730 
i 1808 0 620 429 
i 1809 0 224 426 
i 1810 1 367 748 
i 1811 1 829 580 
i 1812 1 123 223 
i 1813 1 574 375 
i 1814 1 626 127 
i 1815 0 31 18 
i 1816 1 702 883 
i 1817 0 99 940 
i 1818 1 449 348 
i 1819 1 42 979 
i 1820 1 31 295 
i 1821 0 156 501 
i 1822 0 807 676 
i 1823 1 479 677 
i 1824 0 694 865 
i 1825 0 93 644 
i 1826 1 821 718 
i 1827 0 968 519 
i 1828 1 179 116 
i 1829 0 988 876 
i 1830 1 815 239 
i 1831 1 959 549 
i 1832 1 497 736 
i 1833 0 532 257 
i 1834 1 522 95 
i 1835 1 585 801 
i 1836 0 527 728 
i 1837 1 316 807 
i 1838 1 397 222 
i 1839 0 388 742 
i 1840 1 650 292 
i 1841 1 551 399 
i 1842 0 158 348 
i 1843 1 247 115 
i 1844 0 962 988 
i 1845 0 787 248 
i 1846 1 376 787 
i 1847 1 756 940 
i 1848 1 929 536 
i 1849 1 552 524 
i 1850 1 77 211 
i 1851 1 628 763 
i 1852 1 754 876 
i 1853 1 221 98 
i 1854 0 656 279 
i 1855 1 752 814 
i 1856 1 185 20 
i 1857 0 965 602 
i 1858 0 549 897 
i 1859 1 876 246 
i 1860 1 537 502 
i 1861 0 455 430 
i 1862 1 410 684 
i 1863 1 713 777 
i 1864 0 54 721 
i 1865 0 889 822 
i 1866 1 945 862 
i 1867 0 483 596 
i 1868 0 446 317 
i 1869 0 830 56 
i 1870 0 903 493 
i 1871 1 674 799 
i 1872 0 284 202 
i 1873 1 284 302 
i 1874 0 191 250 
i 1875 1 832 775 
i 1876 1 43 65 
i 1877 1 480 903 
i 1878 1 947 805 
i 1879 1 64 141 
i 1880 1 327 435 
i 1881 0 52 573 
i 1882 0 573 995 
i 1883 0 774 563 
i 1884 1 306 722 
i 1885 1 858 741 
i 1886 0 989 15 
i 1887 1 444 321 
i 1888 0 924 348 
i 1889 0 406 842 
i 1890 1 486 535 
i 1891 0 263 221 
i 1892 1 949 989 
i 1893 1 377 241 
i 1894 0 975 112 
i 1895 0 545 717 
i 1896 1 826 464 
i 1897 1 518 703 
i 1898 0 736 154 
i 1899 0 163 121 
i 1900 1 973 346 
i 1901 0 461 385 
i 1902 1 925 913 
i 1903 1 680 186 
i 1904 1 858 492 
i 1905 1 410 391 
i 1906 1 396 832 
i 1907 1 262 736 
i 1908 0 219 66 
i 1909 0 482 662 
i 1910 1 54 25 
i 1911 0 444 25 
i 1912 1 869 927 
i 1913 1 222 172 
i 1914 1 950 729 
i 1915 1 729 520 
i 1916 1 222 948 
i 1917 1 662 142 
i 1918 0 177 855 
i 1919 0 164 456 
i 1920 0 580 734 
i 1921 1 711 346 
i 1922 0 845 737 
i 1923 0 671 457 
i 1924 0 989 668 
i 1925 0 968 114 
i 1926 0 590 433 
i 1927 1 950 265 
i 1928 0 446 999 
i 1929 1 966 453 
i 1930 1 988 137 
i 1931 0 550 493 
i 1932 0 370 235 
i 1933 1 63 951 
i 1934 1 548 586 
i 1935 0 525 475 
i 1936 0 405 891 
i 1937 1 652 828 
i 1938 1 469 767 
i 1939 1 895 532 
i 1940 1 369 22 
i 1941 1 306 922 
i 1942 1 203 548 
i 1943 1 653 533 
i 1944 0 349 728 
i 1945 0 378 502 
i 1946 0 780 826 
i 1947 0 214 403 
i 1948 1 204 648 
i 1949 1 626 69 
i 1950 0 203 668 
i 1951 0 783 251 
i 1952 0 26 667 
i 1953 1 46 943 
i 1954 0 983 191 
i 1955 1 557 175 
i 1956 0 994 463 
i 1957 1 765 519 
i 1958 0 538 319 
i 1959 1 315 920 
i 1960 1 820 706 
i 1961 1 298 832 
i 1962 1 878 566 
i 1963 1 386 720 
i 1964 1 560 314 
i 1965 0 299 360 
i 1966 1 448 779 
i 1967 0 726 446 
i 1968 1 589 421 
i 1969 1 824 820 
i 1970 1 361 15 
i 1971 0 530 78 
i 1972 0 157 90 
i 1973 0 443 639 
i 1974 1 776 968 
i 1975 1 924 969 
i 1976 1 679 449 
i 1977 1 64 533 
i 1978 1 965 201 
i 1979 1 56 111 
i 1980 1 408 762 
i 1981 0 496 403 
i 1982 1 430 302 
i 1983 1 303 772 
i 1984 0 248 455 
i 1985 1 26 181 
i 1986 0 218 757 
i 1987 0 430 626 
i 1988 0 429 496 
i 1989 1 633 92 
i 1990 1 374 658 
i 1991 1 795 655 
i 1992 0 936 685 
i 1993 1 823 795 
i 1994 0 503 405 
i 1995 1 909 563 
i 1996 1 821 706 
i 1997 1 841 304 
i 1998 0 423 275 
i 1999 0 348 738 
q
d 0
q
d 1
q
d 2
q
d 3
q
d 4
q
d 5
q
d 6
q
d 7
q
d 8
q
d 9
q
d 10
q
d 11
q
d 12
q
d 13
q
d 14
q
d 15
q
d 16
q
d 17
q
d 18
q
d 19
q
d 20
q
d 21
q
d 22
q
d 23
q
d 24
q
d 25
q
d 26
q
d 27
q
d 28
q
d 29
q
d 30
q
d 31
q
d 32
q
d 33
q
d 34
q
d 35
q
d 36
q
d 37
q
d 38
q
d 39
q
d 40
q
d 41
q
d 42
q
d 43
q
d 44
q
d 45
q
d 46
q
d 47
q
d 48
q
d 49
q
d 50
q
d 51
q
d 52
q
d 53
q
d 54
q
d 55
q
d 56
q
d 57
q
d 58
q
d 59
q
d 60
q
d 61
q
d 62
q
d 63
q
d 64
q
d 65
q
d 66
q
d 67
q
d 68
q
d 69
q
d 70
q
d 71
q
d 72
q
d 73
q
d 74
q
d 75
q
d 76
q
d 77
q
d 78
q
d 79
q
d 80
q
d 81
q
d 82
q
d 83
q
d 84
q
d 85
q
d 86
q
d 87
q
d 88
q
d 89
q
d 90
q
d 91
q
d 92
q
d 93
q
d 94
q
d 95
q
d 96
q
d 97
q
d 98
q
d 99
q
d 100
q
d 101
q
d 102
q
d 103
q
d 104
q
d 105
q
d 106
q
d 107
q
d 108
q
d 109
q
d 110
q
d 111
q
d 112
q
d 113
q
d 114
q
d 115
q
d 116
q
d 117
q
d 118
q
d 119
q
d 120
q
d 121
q
d 122
q
d 123
q
d 124
q
d 125
q
d 126
q
d 127
q
d 128
q
d 129
q
d 130
q
d 131
q
d 132
q
d 133
q
d 134
q
d 135
q
d 136
q
d 137
q
d 138
q
d 139
q
d 140
q
d 141
q
d 142
q
d 143
q
d 144
q
d 145
q
d 146
q
d 147
q
d 148
q
d 149
q
d 150
q
d 151
q
d 152
q
d 153
q
d 154
q
d 155
q
d 156
q
d 157
q
d 158
q
d 159
q
d 160
q
d 161
q
d 162
q
d 163
q
d 164
q
d 165
q
d 166
q
d 167
q
d 168
q
d 169
q
d 170
q
d 171
q
d 172
q
d 173
q
d 174
q
d 175
q
d 176
q
d 177
q
d 178
q
d 179
q
d 180
q
d 181
q
d 182
q
d 183
q
d 184
q
d 185
q
d 186
q
d 187
q
d 188
q
d 189
q
d 190
q
d 191
q
d 192
q
d 193
q
d 194
q
d 195
q
d 196
q
d 197
q
d 198
q
d 199
q
d 200
q
d 201
q
d 202
q
d 203
q
d 204
q
d 205
q
d 206
q
d 207
q
d 208
q
d 209
q
d 210
q
d 211
q
d 212
q
d 213
q
d 214
q
d 215
q
d 216
q
d 217
q
d 218
q
d 219
q
d 220
q
d 221
q
d 222
q
d 223
q
d 224
q
d 225
q
d 226
q
d 227
q
d 228
q
d 229
q
d 230
q
d 231
q
d 232
q
d 233
q
d 234
q
d 235
q
d 236
q
d 237
q
d 238
q
d 239
q
d 240
q
d 241
q
d 242
q
d 243
q
d 244
q
d 245
q
d 246
q
d 247
q
d 248
q
d 249
q
d 250
q
d 251
q
d 252
q
d 253
q
d 254
q
d 255
q
d 256
q
d 257
q
d 258
q
d 259
q
d 260
q
d 261
q
d 262
q
d 263
q
d 264
q
d 265
q
d 266
q
d 267
q
d 268
q
d 269
q
d 270
q
d 271
q
d 272
q
d 273
q
d 274
q
d 275
q
d 276
q
d 277
q
d 278
q
d 279
q
d 280
q
d 281
q
d 282
q
d 283
q
d 284
q
d 285
q
d 286
q
d 287
q
d 288
q
d 289
q
d 290
q
d 291
q
d 292
q
d 293
q
d 294
q
d 295
q
d 296
q
d 297
q
d 298
q
d 299
q
d 300
q
d 301
q
d 302
q
d 303
q
d 304
q
d 305
q
d 306
q
d 307
q
d 308
q
d 309
q
d 310
q
d 311
q
d 312
q
d 313
q
d 314
q
d 315
q
d 316
q
d 317
q
d 318
q
d 319
q
d 320
q
d 321
q
d 322
q
d 323
q
d 324
q
d 325
q
d 326
q
d 327
q
d 328
q
d 329
q
d 330
q
d 331
q
d 332
q
d 333
q
d 334
q
d 335
q
d 336
q
d 337
q
d 338
q
d 339
q
d 340
q
d 341
q
d 342
q
d 343
q
d 344
q
d 345
q
d 346
q
d 347
q
d 348
q
d 349
q
d 350
q
d 351
q
d 352
q
d 353
q
d 354
q
d 355
q
d 356
q
d 357
q
d 358
q
d 359
q
d 360
q
d 361
q
d 362
q
d 363
q
d 364
q
d 365
q
d 366
q
d 367
q
d 368
q
d 369
q
d 370
q
d 371
q
d 372
q
d 373
q
d 374
q
d 375
q
d 376
q
d 377
q
d 378
q
d 379
q
d 380
q
d 381
q
d 382
q
d 383
q
d 384
q
d 385
q
d 386
q
d 387
q
d 388
q
d 389
q
d 390
q
d 391
q
d 392
q
d 393
q
d 394
q
d 395
q
d 396
q
d 397
q
d 398
q
d 399
q
d 400
q
d 401
q
d 402
q
d 403
q
d 404
q
d 405
q
d 406
q
d 407
q
d 408
q
d 409
q
d 410
q
d 411
q
d 412
q
d 413
q
d 414
q
d 415
q
d 416
q
d 417
q
d 418
q
d 419
q
d 420
q
d 421
q
d 422
q
d 423
q
d 424
q
d 425
q
d 426
q
d 427
q
d 428
q
d 429
q
d 430
q
d 431
q
d 432
q
d 433
q
d 434
q
d 435
q
d 436
q
d 437
q
d 438
q
d 439
q
d 440
q
d 441
q
d 442
q
d 443
q
d 444
q
d 445
q
d 446
q
d 447
q
d 448
q
d 449
q
d 450
q
d 451
q
d 452
q
d 453
q
d 454
q
d 455
q
d 456
q
d 457
q
d 458
q
d 459
q
d 460
q
d 461
q
d 462
q
d 463
q
d 464
q
d 465
q
d 466
q
d 467
q
d 468
q
d 469
q
d 470
q
d 471
q
d 472
q
d 473
q
d 474
q
d 475
q
d 476
q
d 477
q
d 478
q
d 479
q
d 480
q
d 481
q
d 482
q
d 483
q
d 484
q
d 485
q
d 486
q
d 487
q
d 488
q
d 489
q
d 490
q
d 491
q
d 492
q
d 493
q
d 494
q
d 495
q
d 496
q
d 497
q
d 498
q
d 499
q
d 500
q
d 501
q
d 502
q
d 503
q
d 504
q
d 505
q
d 506
q
d 507
q
d 508
q
d 509
q
d 510
q
d 511
q
d 512
q
d 513
q
d 514
q
d 515
q
d 516
q
d 517
q
d 518
q
d 519
q
d 520
q
d 521
q
d 522
q
d 523
q
d 524
q
d 525
q
d 526
q
d 527
q
d 528
q
d 529
q
d 530
q
d 531
q
d 532
q
d 533
q
d 534
q
d 535
q
d 536
q
d 537
q
d 538
q
d 539
q
d 540
q
d 541
q
d 542
q
d 543
q
d 544
q
d 545
q
d 546
q
d 547
q
d 548
q
d 549
q
d 550
q
d 551
q
d 552
q
d 553
q
d 554
q
d 555
q
d 556
q
d 557
q
d 558
q
d 559
q
d 560
q
d 561
q
d 562
q
d 563
q
d 564
q
d 565
q
d 566
q
d 567
q
d 568
q
d 569
q
d 570
q
d 571
q
d 572
q
d 573
q
d 574
q
d 575
q
d 576
q
d 577
q
d 578
q
d 579
q
d 580
q
d 581
q
d 582
q
d 583
q
d 584
q
d 585
q
d 586
q
d 587
q
d 588
q
d 589
q
d 590
q
d 591
q
d 592
q
d 593
q
d 594
q
d 595
q
d 596
q
d 597
q
d 598
q
d 599
q
d 600
q
d 601
q
d 602
q
d 603
q
d 604
q
d 605
q
d 606
q
d 607
q
d 608
q
d 609
q
d 610
q
d 611
q
d 612
q
d 613
q
d 614
q
d 615
q
d 616
q
d 617
q
d 618
q
d 619
q
d 620
q
d 621
q
d 622
q
d 623
q
d 624
q
d 625
q
d 626
q
d 627
q
d 628
q
d 629
q
d 630
q
d 631
q
d 632
q
d 633
q
d 634
q
d 635
q
d 636
q
d 637
q
d 638
q
d 639
q
d 640
q
d 641
q
d 642
q
d 643
q
d 644
q
d 645
q
d 646
q
d 647
q
d 648
q
d 649
q
d 650
q
d 651
q
d 652
q
d 653
q
d 654
q
d 655
q
d 656
q
d 657
q
d 658
q
d 659
q
d 660
q
d 661
q
d 662
q
d 663
q
d 664
q
d 665
q
d 666
q
d 667
q
d 668
q
d 669
q
d 670
q
d 671
q
d 672
q
d 673
q
d 674
q
d 675
q
d 676
q
d 677
q
d 678
q
d 679
q
d 680
q
d 681
q
d 682
q
d 683
q
d 684
q
d 685
q
d 686
q
d 687
q
d 688
q
d 689
q
d 690
q
d 691
q
d 692
q
d 693
q
d 694
q
d 695
q
d 696
q
d 697
q
d 698
q
d 699
q
d 700
q
d 701
q
d 702
q
d 703
q
d 704
q
d 705
q
d 706
q
d 707
q
d 708
q
d 709
q
d 710
q
d 711
q
d 712
q
d 713
q
d 714
q
d 715
q
d 716
q
d 717
q
d 718
q
d 719
q
d 720
q
d 721
q
d 722
q
d 723
q
d 724
q
d 725
q
d 726
q
d 727
q
d 728
q
d 729
q
d 730
q
d 731
q
d 732
q
d 733
q
d 734
q
d 735
q
d 736
q
d 737
q
d 738
q
d 739
q
d 740
q
d 741
q
d 742
q
d 743
q
d 744
q
d 745
q
d 746
q
d 747
q
d 748
q
d 749
q
d 750
q
d 751
q
d 752
q
d 753
q
d 754
q
d 755
q
d 756
q
d 757
q
d 758
q
d 759
q
d 760
q
d 761
q
d 762
q
d 763
q
d 764
q
d 765
q
d 766
q
d 767
q
d 768
q
d 769
q
d 770
q
d 771
q
d 772
q
d 773
q
d 774
q
d 775
q
d 776
q
d 777
q
d 778
q
d 779
q
d 780
q
d 781
q
d 782
q
d 783
q
d 784
q
d 785
q
d 786
q
d 787
q
d 788
q
d 789
q
d 790
q
d 791
q
d 792
q
d 793
q
d 794
q
d 795
q
d 796
q
d 797
q
d 798
q
d 799
q
d 800
q
d 801
q
d 802
q
d 803
q
d 804
q
d 805
q
d 806
q
d 807
q
d 808
q
d 809
q
d 810
q
d 811
q
d 812
q
d 813
q
d 814
q
d 815
q
d 816
q
d 817
q
d 818
q
d 819
q
d 820
q
d 821
q
d 822
q
d 823
q
d 824
q
d 825
q
d 826
q
d 827
q
d 828
q
d 829
q
d 830
q
d 831
q
d 832
q
d 833
q
d 834
q
d 835
q
d 836
q
d 837
q
d 838
q
d 839
q
d 840
q
d 841
q
d 842
q
d 843
q
d 844
q
d 845
q
d 846
q
d 847
q
d 848
q
d 849
q
d 850
q
d 851
q
d 852
q
d 853
q
d 854
q
d 855
q
d 856
q
d 857
q
d 858
q
d 859
q
d 860
q
d 861
q
d 862
q
d 863
q
d 864
q
d 865
q
d 866
q
d 867
q
d 868
q
d 869
q
d 870
q
d 871
q
d 872
q
d 873
q
d 874
q
d 875
q
d 876
q
d 877
q
d 878
q
d 879
q
d 880
q
d 881
q
d 882
q
d 883
q
d 884
q
d 885
q
d 886
q
d 887
q
d 888
q
d 889
q
d 890
q
d 891
q
d 892
q
d 893
q
d 894
q
d 895
q
d 896
q
d 897
q
d 898
q
d 899
q
d 900
q
d 901
q
d 902
q
d 903
q
d 904
q
d 905
q
d 906
q
d 907
q
d 908
q
d 909
q
d 910
q
d 911
q
d 912
q
d 913
q
d 914
q
d 915
q
d 916
q
d 917
q
d 918
q
d 919
q
d 920
q
d 921
q
d 922
q
d 923
q
d 924
q
d 925
q
d 926
q
d 927
q
d 928
q
d 929
q
d 930
q
d 931
q
d 932
q
d 933
q
d 934
q
d 935
q
d 936
q
d 937
q
d 938
q
d 939
q
d 940
q
d 941
q
d 942
q
d 943
q
d 944
q
d 945
q
d 946
q
d 947
q
d 948
q
d 949
q
d 950
q
d 951
q
d 952
q
d 953
q
d 954
q
d 955
q
d 956
q
d 957
q
d 958
q
d 959
q
d 960
q
d 961
q
d 962
q
d 963
q
d 964
q
d 965
q
d 966
q
d 967
q
d 968
q
d 969
q
d 970
q
d 971
q
d 972
q
d 973
q
d 974
q
d 975
q
d 976
q
d 977
q
d 978
q
d 979
q
d 980
q
d 981
q
d 982
q
d 983
q
d 984
q
d 985
q
d 986
q
d 987
q
d 988
q
d 989
q
d 990
q
d 991
q
d 992
q
d 993
q
d 994
q
d 995
q
d 996
q
d 997
q
d 998
q
d 999
q
d 1000
q
d 1001
q
d 1002
q
d 1003
q
d 1004
q
d 1005
q
d 1006
q
d 1007
q
d 1008
q
d 1009
q
d 1010
q
d 1011
q
d 1012
q
d 1013
q
d 1014
q
d 1015
q
d 1016
q
d 1017
q
d 1018
q
d 1019
q
d 1020
q
d 1021
q
d 1022
q
d 1023
q
d 1024
q
d 1025
q
d 1026
q
d 1027
q
d 1028
q
d 1029
q
d 1030
q
d 1031
q
d 1032
q
d 1033
q
d 1034
q
d 1035
q
d 1036
q
d 1037
q
d 1038
q
d 1039
q
d 1040
q
d 1041
q
d 1042
q
d 1043
q
d 1044
q
d 1045
q
d 1046
q
d 1047
q
d 1048
q
d 1049
q
d 1050
q
d 1051
q
d 1052
q
d 1053
q
d 1054
q
d 1055
q
d 1056
q
d 1057
q
d 1058
q
d 1059
q
d 1060
q
d 1061
q
d 1062
q
d 1063
q
d 1064
q
d 1065
q
d 1066
q
d 1067
q
d 1068
q
d 1069
q
d 1070
q
d 1071
q
d 1072
q
d 1073
q
d 1074
q
d 1075
q
d 1076
q
d 1077
q
d 1078
q
d 1079
q
d 1080
q
d 1081
q
d 1082
q
d 1083
q
d 1084
q
d 1085
q
d 1086
q
d 1087
q
d 1088
q
d 1089
q
d 1090
q
d 1091
q
d 1092
q
d 1093
q
d 1094
q
d 1095
q
d 1096
q
d 1097
q
d 1098
q
d 1099
q
d 1100
q
d 1101
q
d 1102
q
d 1103
q
d 1104
q
d 1105
q
d 1106
q
d 1107
q
d 1108
q
d 1109
q
d 1110
q
d 1111
q
d 1112
q
d 1113
q
d 1114
q
d 1115
q
d 1116
q
d 1117
q
d 1118
q
d 1119
q
d 1120
q
d 1121
q
d 1122
q
d 1123
q
d 1124
q
d 1125
q
d 1126
q
d 1127
q
d 1128
q
d 1129
q
d 1130
q
d 1131
q
d 1132
q
d 1133
q
d 1134
q
d 1135
q
d 1136
q
d 1137
q
d 1138
q
d 1139
q
d 1140
q
d 1141
q
d 1142
q
d 1143
q
d 1144
q
d 1145
q
d 1146
q
d 1147
q
d 1148
q
d 1149
q
d 1150
q
d 1151
q
d 1152
q
d 1153
q
d 1154
q
d 1155
q
d 1156
q
d 1157
q
d 1158
q
d 1159
q
d 1160
q
d 1161
q
d 1162
q
d 1163
q
d 1164
q
d 1165
q
d 1166
q
d 1167
q
d 1168
q
d 1169
q
d 1170
q
d 1171
q
d 1172
q
d 1173
q
d 1174
q
d 1175
q
d 1176
q
d 1177
q
d 1178
q
d 1179
q
d 1180
q
d 1181
q
d 1182
q
d 1183
q
d 1184
q
d 1185
q
d 1186
q
d 1187
q
d 1188
q
d 1189
q
d 1190
q
d 1191
q
d 1192
q
d 1193
q
d 1194
q
d 1195
q
d 1196
q
d 1197
q
d 1198
q
d 1199
q
d 1200
q
d 1201
q
d 1202
q
d 1203
q
d 1204
q
d 1205
q
d 1206
q
d 1207
q
d 1208
q
d 1209
q
d 1210
q
d 1211
q
d 1212
q
d 1213
q
d 1214
q
d 1215
q
d 1216
q
d 1217
q
d 1218
q
d 1219
q
d 1220
q
d 1221
q
d 1222
q
d 1223
q
d 1224
q
d 1225
q
d 1226
q
d 1227
q
d 1228
q
d 1229
q
d 1230
q
d 1231
q
d 1232
q
d 1233
q
d 1234
q
d 1235
q
d 1236
q
d 1237
q
d 1238
q
d 1239
q
d 1240
q
d 1241
q
d 1242
q
d 1243
q
d 1244
q
d 1245
q
d 1246
q
d 1247
q
d 1248
q
d 1249
q
d 1250
q
d 1251
q
d 1252
q
d 1253
q
d 1254
q
d 1255
q
d 1256
q
d 1257
q
d 1258
q
d 1259
q
d 1260
q
d 1261
q
d 1262
q
d 1263
q
d 1264
q
d 1265
q
d 1266
q
d 1267
q
d 1268
q
d 1269
q
d 1270
q
d 1271
q
d 1272
q
d 1273
q
d 1274
q
d 1275
q
d 1276
q
d 1277
q
d 1278
q
d 1279
q
d 1280
q
d 1281
q
d 1282
q
d 1283
q
d 1284
q
d 1285
q
d 1286
q
d 1287
q
d 1288
q
d 1289
q
d 1290
q
d 1291
q
d 1292
q
d 1293
q
d 1294
q
d 1295
q
d 1296
q
d 1297
q
d 1298
q
d 1299
q
d 1300
q
d 1301
q
d 1302
q
d 1303
q
d 1304
q
d 1305
q
d 1306
q
d 1307
q
d 1308
q
d 1309
q
d 1310
q
d 1311
q
d 1312
q
d 1313
q
d 1314
q
d 1315
q
d 1316
q
d 1317
q
d 1318
q
d 1319
q
d 1320
q
d 1321
q
d 1322
q
d 1323
q
d 1324
q
d 1325
q
d 1326
q
d 1327
q
d 1328
q
d 1329
q
d 1330
q
d 1331
q
d 1332
q
d 1333
q
d 1334
q
d 1335
q
d 1336
q
d 1337
q
d 1338
q
d 1339
q
d 1340
q
d 1341
q
d 1342
q
d 1343
q
d 1344
q
d 1345
q
d 1346
q
d 1347
q
d 1348
q
d 1349
q
d 1350
q
d 1351
q
d 1352
q
d 1353
q
d 1354
q
d 1355
q
d 1356
q
d 1357
q
d 1358
q
d 1359
q
d 1360
q
d 1361
q
d 1362
q
d 1363
q
d 1364
q
d 1365
q
d 1366
q
d 1367
q
d 1368
q
d 1369
q
d 1370
q
d 1371
q
d 1372
q
d 1373
q
d 1374
q
d 1375
q
d 1376
q
d 1377
q
d 1378
q
d 1379
q
d 1380
q
d 1381
q
d 1382
q
d 1383
q
d 1384
q
d 1385
q
d 1386
q
d 1387
q
d 1388
q
d 1389
q
d 1390
q
d 1391
q
d 1392
q
d 1393
q
d 1394
q
d 1395
q
d 1396
q
d 1397
q
d 1398
q
d 1399
q
d 1400
q
d 1401
q
d 1402
q
d 1403
q
d 1404
q
d 1405
q
d 1406
q
d 1407
q
d 1408
q
d 1409
q
d 1410
q
d 1411
q
d 1412
q
d 1413
q
d 1414
q
d 1415
q
d 1416
q
d 1417
q
d 1418
q
d 1419
q
d 1420
q
d 1421
q
d 1422
q
d 1423
q
d 1424
q
d 1425
q
d 1426
q
d 1427
q
d 1428
q
d 1429
q
d 1430
q
d 1431
q
d 1432
q
d 1433
q
d 1434
q
d 1435
q
d 1436
q
d 1437
q
d 1438
q
d 1439
q
d 1440
q
d 1441
q
d 1442
q
d 1443
q
d 1444
q
d 1445
q
d 1446
q
d 1447
q
d 1448
q
d 1449
q
d 1450
q
d 1451
q
d 1452
q
d 1453
q
d 1454
q
d 1455
q
d 1456
q
d 1457
q
d 1458
q
d 1459
q
d 1460
q
d 1461
q
d 1462
q
d 1463
q
d 1464
q
d 1465
q
d 1466
q
d 1467
q
d 1468
q
d 1469
q
d 1470
q
d 1471
q
d 1472
q
d 1473
q
d 1474
q
d 1475
q
d 1476
q
d 1477
q
d 1478
q
d 1479
q
d 1480
q
d 1481
q
d 1482
q
d 1483
q
d 1484
q
d 1485
q
d 1486
q
d 1487
q
d 1488
q
d 1489
q
d 1490
q
d 1491
q
d 1492
q
d 1493
q
d 1494
q
d 1495
q
d 1496
q
d 1497
q
d 1498
q
d 1499
q
d 1500
q
d 1501
q
d 1502
q
d 1503
q
d 1504
q
d 1505
q
d 1506
q
d 1507
q
d 1508
q
d 1509
q
d 1510
q
d 1511
q
d 1512
q
d 1513
q
d 1514
q
d 1515
q
d 1516
q
d 1517
q
d 1518
q
d 1519
q
d 1520
q
d 1521
q
d 1522
q
d 1523
q
d 1524
q
d 1525
q
d 1526
q
d 1527
q
d 1528
q
d 1529
q
d 1530
q
d 1531
q
d 1532
q
d 1533
q
d 1534
q
d 1535
q
d 1536
q
d 1537
q
d 1538
q
d 1539
q
d 1540
q
d 1541
q
d 1542
q
d 1543
q
d 1544
q
d 1545
q
d 1546
q
d 1547
q
d 1548
q
d 1549
q
d 1550
q
d 1551
q
d 1552
q
d 1553
q
d 1554
q
d 1555
q
d 1556
q
d 1557
q
d 1558
q
d 1559
q
d 1560
q
d 1561
q
d 1562
q
d 1563
q
d 1564
q
d 1565
q
d 1566
q
d 1567
q
d 1568
q
d 1569
q
d 1570
q
d 1571
q
d 1572
q
d 1573
q
d 1574
q
d 1575
q
d 1576
q
d 1577
q
d 1578
q
d 1579
q
d 1580
q
d 1581
q
d 1582
q
d 1583
q
d 1584
q
d 1585
q
d 1586
q
d 1587
q
d 1588
q
d 1589
q
d 1590
q
d 1591
q
d 1592
q
d 1593
q
d 1594
q
d 1595
q
d 1596
q
d 1597
q
d 1598
q
d 1599
q
d 1600
q
d 1601
q
d 1602
q
d 1603
q
d 1604
q
d 1605
q
d 1606
q
d 1607
q
d 1608
q
d 1609
q
d 1610
q
d 1611
q
d 1612
q
d 1613
q
d 1614
q
d 1615
q
d 1616
q
d 1617
q
d 1618
q
d 1619
q
d 1620
q
d 1621
q
d 1622
q
d 1623
q
d 1624
q
d 1625
q
d 1626
q
d 1627
q
d 1628
q
d 1629
q
d 1630
q
d 1631
q
d 1632
q
d 1633
q
d 1634
q
d 1635
q
d 1636
q
d 1637
q
d 1638
q
d 1639
q
d 1640
q
d 1641
q
d 1642
q
d 1643
q
d 1644
q
d 1645
q
d 1646
q
d 1647
q
d 1648
q
d 1649
q
d 1650
q
d 1651
q
d 1652
q
d 1653
q
d 1654
q
d 1655
q
d 1656
q
d 1657
q
d 1658
q
d 1659
q
d 1660
q
d 1661
q
d 1662
q
d 1663
q
d 1664
q
d 1665
q
d 1666
q
d 1667
q
d 1668
q
d 1669
q
d 1670
q
d 1671
q
d 1672
q
d 1673
q
d 1674
q
d 1675
q
d 1676
q
d 1677
q
d 1678
q
d 1679
q
d 1680
q
d 1681
q
d 1682
q
d 1683
q
d 1684
q
d 1685
q
d 1686
q
d 1687
q
d 1688
q
d 1689
q
d 1690
q
d 1691
q
d 1692
q
d 1693
q
d 1694
q
d 1695
q
d 1696
q
d 1697
q
d 1698
q
d 1699
q
d 1700
q
d 1701
q
d 1702
q
d 1703
q
d 1704
q
d 1705
q
d 1706
q
d 1707
q
d 1708
q
d 1709
q
d 1710
q
d 1711
q
d 1712
q
d 1713
q
d 1714
q
d 1715
q
d 1716
q
d 1717
q
d 1718
q
d 1719
q
d 1720
q
d 1721
q
d 1722
q
d 1723
q
d 1724
q
d 1725
q
d 1726
q
d 1727
q
d 1728
q
d 1729
q
d 1730
q
d 1731
q
d 1732
q
d 1733
q
d 1734
q
d 1735
q
d 1736
q
d 1737
q
d 1738
q
d 1739
q
d 1740
q
d 1741
q
d 1742
q
d 1743
q
d 1744
q
d 1745
q
d 1746
q
d 1747
q
d 1748
q
d 1749
q
d 1750
q
d 1751
q
d 1752
q
d 1753
q
d 1754
q
d 1755
q
d 1756
q
d 1757
q
d 1758
q
d 1759
q
d 1760
q
d 1761
q
d 1762
q
d 1763
q
d 1764
q
d 1765
q
d 1766
q
d 1767
q
d 1768
q
d 1769
q
d 1770
q
d 1771
q
d 1772
q
d 1773
q
d 1774
q
d 1775
q
d 1776
q
d 1777
q
d 1778
q
d 1779
q
d 1780
q
d 1781
q
d 1782
q
d 1783
q
d 1784
q
d 1785
q
d 1786
q
d 1787
q
d 1788
q
d 1789
q
d 1790
q
d 1791
q
d 1792
q
d 1793
q
d 1794
q
d 1795
q
d 1796
q
d 1797
q
d 1798
q
d 1799
q
d 1800
q
d 1801
q
d 1802
q
d 1803
q
d 1804
q
d 1805
q
d 1806
q
d 1807
q
d 1808
q
d 1809
q
d 1810
q
d 1811
q
d 1812
q
d 1813
q
d 1814
q
d 1815
q
d 1816
q
d 1817
q
d 1818
q
d 1819
q
d 1820
q
d 1821
q
d 1822
q
d 1823
q
d 1824
q
d 1825
q
d 1826
q
d 1827
q
d 1828
q
d 1829
q
d 1830
q
d 1831
q
d 1832
q
d 1833
q
d 1834
q
d 1835
q
d 1836
q
d 1837
q
d 1838
q
d 1839
q
d 1840
q
d 1841
q
d 1842
q
d 1843
q
d 1844
q
d 1845
q
d 1846
q
d 1847
q
d 1848
q
d 1849
q
d 1850
q
d 1851
q
d 1852
q
d 1853
q
d 1854
q
d 1855
q
d 1856
q
d 1857
q
d 1858
q
d 1859
q
d 1860
q
d 1861
q
d 1862
q
d 1863
q
d 1864
q
d 1865
q
d 1866
q
d 1867
q
d 1868
q
d 1869
q
d 1870
q
d 1871
q
d 1872
q
d 1873
q
d 1874
q
d 1875
q
d 1876
q
d 1877
q
d 1878
q
d 1879
q
d 1880
q
d 1881
q
d 1882
q
d 1883
q
d 1884
q
d 1885
q
d 1886
q
d 1887
q
d 1888
q
d 1889
q
d 1890
q
d 1891
q
d 1892
q
d 1893
q
d 1894
q
d 1895
q
d 1896
q
d 1897
q
d 1898
q
d 1899
q
d 1900
q
d 1901
q
d 1902
q
d 1903
q
d 1904
q
d 1905
q
d 1906
q
d 1907
q
d 1908
q
d 1909
q
d 1910
q
d 1911
q
d 1912
q
d 1913
q
d 1914
q
d 1915
q
d 1916
q
d 1917
q
d 1918
q
d 1919
q
d 1920
q
d 1921
q
d 1922
q
d 1923
q
d 1924
q
d 1925
q
d 1926
q
d 1927
q
d 1928
q
d 1929
q
d 1930
q
d 1931
q
d 1932
q
d 1933
q
d 1934
q
d 1935
q
d 1936
q
d 1937
q
d 1938
q
d 1939
q
d 1940
q
d 1941
q
d 1942
q
d 1943
q
d 1944
q
d 1945
q
d 1946
q
d 1947
q
d 1948
q
d 1949
q
d 1950
q
d 1951
q
d 1952
q
d 1953
q
d 1954
q
d 1955
q
d 1956
q
d 1957
q
d 1958
q
d 1959
q
d 1960
q
d 1961
q
d 1962
q
d 1963
q
d 1964
q
d 1965
q
d 1966
q
d 1967
q
d 1968
q
d 1969
q
d 1970
q
d 1971
q
d 1972
q
d 1973
q
d 1974
q
d 1975
q
d 1976
q
d 1977
q
d 1978
q
d 1979
q
d 1980
q
d 1981
q
d 1982
q
d 1983
q
d 1984
q
d 1985
q
d 1986
q
d 1987
q
d 1988
q
d 1989
q
d 1990
q
d 1991
q
d 1992
q
d 1993
q
d 1994
q
d 1995
q
d 1996
q
d 1997
q
d 1998
q
d 1999
